MSFT2014-02-14 MSFT 1392357600000 37.78 37.33 37.39 37.62 31407500 37.34
MSFT2014-02-13 MSFT 1392271200000 37.86 37.33 37.33 37.61 37635500 37.33
MSFT2014-02-12 MSFT 1392184800000 37.6 37.3 37.35 37.47 27051800 37.19
MSFT2014-02-11 MSFT 1392098400000 37.26 36.86 36.88 37.17 32141400 36.89
MSFT2014-02-10 MSFT 1392012000000 36.8 36.29 36.63 36.8 26767000 36.53
MSFT2014-02-07 MSFT 1391752800000 36.59 36.01 36.32 36.56 33260500 36.29
MSFT2014-02-06 MSFT 1391666400000 36.25 35.69 35.8 36.18 35351800 35.91
MSFT2014-02-05 MSFT 1391580000000 36.47 35.8 36.29 35.82 55814400 35.55
MSFT2014-02-04 MSFT 1391493600000 37.19 36.25 36.97 36.35 54697900 36.08
MSFT2014-02-03 MSFT 1391407200000 37.99 36.43 37.74 36.48 64063100 36.21
MSFT2014-01-31 MSFT 1391148000000 37.89 36.56 36.95 37.84 93162300 37.56
MSFT2014-01-30 MSFT 1391061600000 36.88 36.23 36.79 36.86 35036300 36.59
MSFT2014-01-29 MSFT 1390975200000 36.88 35.9 35.98 36.66 52745900 36.39
MSFT2014-01-28 MSFT 1390888800000 36.39 35.75 36.12 36.27 36205500 36.0
MSFT2014-01-27 MSFT 1390802400000 36.89 35.98 36.87 36.03 44420800 35.76
MSFT2014-01-24 MSFT 1390543200000 37.55 36.53 37.45 36.81 76395500 36.54
MSFT2014-01-23 MSFT 1390456800000 36.13 35.52 36.09 36.06 43954000 35.79
MSFT2014-01-22 MSFT 1390370400000 36.32 35.75 36.26 35.93 21904300 35.66
MSFT2014-01-21 MSFT 1390284000000 36.82 36.06 36.82 36.17 31567300 35.9
MSFT2014-01-17 MSFT 1389938400000 36.83 36.15 36.83 36.38 46267500 36.11
MSFT2014-01-16 MSFT 1389852000000 37.0 36.31 36.69 36.89 38018700 36.62
MSFT2014-01-15 MSFT 1389765600000 36.79 35.85 35.9 36.76 44812600 36.49
MSFT2014-01-14 MSFT 1389679200000 35.88 34.63 34.73 35.78 41623300 35.51
MSFT2014-01-13 MSFT 1389592800000 36.02 34.83 35.99 34.98 45901900 34.72
MSFT2014-01-10 MSFT 1389333600000 36.15 35.75 35.9 36.04 40548800 35.77
MSFT2014-01-09 MSFT 1389247200000 35.91 35.4 35.88 35.53 36516300 35.27
MSFT2014-01-08 MSFT 1389160800000 36.14 35.58 36.0 35.76 59971700 35.49
MSFT2014-01-07 MSFT 1389074400000 36.49 36.21 36.33 36.41 35802800 36.14
MSFT2014-01-06 MSFT 1388988000000 36.89 36.11 36.85 36.13 43603700 35.86
MSFT2014-01-03 MSFT 1388728800000 37.22 36.6 37.2 36.91 31134800 36.64
MSFT2014-01-02 MSFT 1388642400000 37.4 37.1 37.35 37.16 30632200 36.88
GOOG2014-02-14 GOOG 1392357600000 1204.39 1192.8 1195.61 1202.8 2186700 1202.8
GOOG2014-02-13 GOOG 1392271200000 1199.9 1179.66 1180.75 1199.9 1836400 1199.9
GOOG2014-02-12 GOOG 1392184800000 1190.0 1181.38 1189.0 1186.69 1724500 1186.69
GOOG2014-02-11 GOOG 1392098400000 1191.87 1172.21 1180.17 1190.18 2050800 1190.18
GOOG2014-02-10 GOOG 1392012000000 1182.4 1169.02 1171.8 1172.93 1945200 1172.93
GOOG2014-02-07 GOOG 1391752800000 1177.9 1160.56 1167.63 1177.44 2636200 1177.44
GOOG2014-02-06 GOOG 1391666400000 1160.16 1147.55 1151.13 1159.96 1946600 1159.96
GOOG2014-02-05 GOOG 1391580000000 1150.77 1128.02 1143.38 1143.2 2394500 1143.2
GOOG2014-02-04 GOOG 1391493600000 1155.0 1137.01 1137.99 1138.16 2811900 1138.16
GOOG2014-02-03 GOOG 1391407200000 1181.72 1132.01 1179.2 1133.43 4569100 1133.43
GOOG2014-01-31 GOOG 1391148000000 1186.54 1151.13 1171.35 1180.97 5566300 1180.97
GOOG2014-01-30 GOOG 1391061600000 1152.49 1127.25 1145.0 1135.39 5091400 1135.39
GOOG2014-01-29 GOOG 1390975200000 1121.75 1099.42 1119.12 1106.92 2379900 1106.92
GOOG2014-01-28 GOOG 1390888800000 1125.75 1109.94 1110.32 1123.01 2210200 1123.01
GOOG2014-01-27 GOOG 1390802400000 1126.5 1082.27 1126.1 1101.23 4353600 1101.23
GOOG2014-01-24 GOOG 1390543200000 1153.55 1123.0 1151.01 1123.83 3892500 1123.83
GOOG2014-01-23 GOOG 1390456800000 1162.49 1154.37 1160.0 1160.1 1949100 1160.1
GOOG2014-01-22 GOOG 1390370400000 1167.89 1158.86 1166.61 1165.02 1571400 1165.02
GOOG2014-01-21 GOOG 1390284000000 1164.0 1151.3 1160.93 1163.7 1979900 1163.7
GOOG2014-01-17 GOOG 1389938400000 1160.63 1144.2 1156.85 1150.53 2701300 1150.53
GOOG2014-01-16 GOOG 1389852000000 1157.93 1148.0 1149.1 1156.22 1683900 1156.22
GOOG2014-01-15 GOOG 1389765600000 1155.0 1143.79 1152.99 1148.62 1950200 1148.62
GOOG2014-01-14 GOOG 1389679200000 1151.0 1128.09 1137.95 1149.4 2482600 1149.4
GOOG2014-01-13 GOOG 1389592800000 1146.91 1117.17 1126.47 1122.98 2418900 1122.98
GOOG2014-01-10 GOOG 1389333600000 1139.08 1122.25 1139.08 1130.18 2143500 1130.18
GOOG2014-01-09 GOOG 1389247200000 1144.22 1125.56 1143.44 1130.24 2084500 1130.24
GOOG2014-01-08 GOOG 1389160800000 1147.32 1133.29 1146.0 1141.23 2242500 1141.23
GOOG2014-01-07 GOOG 1389074400000 1139.69 1121.16 1125.0 1138.86 2552600 1138.86
GOOG2014-01-06 GOOG 1388988000000 1118.86 1106.44 1113.01 1117.32 1769300 1117.32
GOOG2014-01-03 GOOG 1388728800000 1116.93 1104.93 1115.0 1105.0 1666700 1105.0
GOOG2014-01-02 GOOG 1388642400000 1117.75 1108.26 1115.46 1113.12 1821400 1113.12
AAPL2014-02-14 AAPL 1392357600000 545.98 541.21 542.47 543.99 9747300 543.99
AAPL2014-02-13 AAPL 1392271200000 544.85 534.2 534.66 544.43 10978500 544.43
AAPL2014-02-12 AAPL 1392184800000 539.56 533.24 536.95 535.92 11003600 535.92
AAPL2014-02-11 AAPL 1392098400000 537.75 529.5 530.61 535.96 10080600 535.96
AAPL2014-02-10 AAPL 1392012000000 531.99 518.0 518.66 528.99 12341400 528.99
AAPL2014-02-07 AAPL 1391752800000 522.93 517.38 521.38 519.68 13224300 519.68
AAPL2014-02-06 AAPL 1391666400000 513.5 507.81 510.06 512.51 9205900 512.51
AAPL2014-02-05 AAPL 1391580000000 515.28 506.25 506.56 512.59 11726600 509.54
AAPL2014-02-04 AAPL 1391493600000 509.46 502.76 505.85 508.79 13452900 505.76
AAPL2014-02-03 AAPL 1391407200000 507.73 499.3 502.61 501.53 14338000 498.55
AAPL2014-01-31 AAPL 1391148000000 501.53 493.55 495.18 500.6 16599900 497.62
AAPL2014-01-30 AAPL 1391061600000 506.5 496.7 502.54 499.78 24232200 496.81
AAPL2014-01-29 AAPL 1390975200000 507.37 498.62 503.95 500.75 17957500 497.77
AAPL2014-01-28 AAPL 1390888800000 515.0 502.07 508.76 506.5 38054400 503.49
AAPL2014-01-27 AAPL 1390802400000 554.8 545.75 550.07 550.5 19817100 547.22
AAPL2014-01-24 AAPL 1390543200000 555.62 544.75 554.0 546.07 15334100 542.82
AAPL2014-01-23 AAPL 1390456800000 556.5 544.81 549.94 556.18 14401400 552.87
AAPL2014-01-22 AAPL 1390370400000 557.29 547.81 550.91 551.51 13570900 548.23
AAPL2014-01-21 AAPL 1390284000000 550.07 540.42 540.99 549.07 11733100 545.8
AAPL2014-01-17 AAPL 1389938400000 552.07 539.9 551.48 540.67 15240700 537.45
AAPL2014-01-16 AAPL 1389852000000 556.85 551.68 554.9 554.25 8188500 550.95
AAPL2014-01-15 AAPL 1389765600000 560.2 551.66 553.52 557.36 13987100 554.04
AAPL2014-01-14 AAPL 1389679200000 546.73 537.66 538.22 546.39 11877200 543.14
AAPL2014-01-13 AAPL 1389592800000 542.5 529.88 529.91 535.73 13517600 532.54
AAPL2014-01-10 AAPL 1389333600000 540.8 531.11 539.83 532.94 10892000 529.77
AAPL2014-01-09 AAPL 1389247200000 546.86 535.35 546.8 536.52 9969600 533.33
AAPL2014-01-08 AAPL 1389160800000 545.56 538.69 538.81 543.46 9233200 540.23
AAPL2014-01-07 AAPL 1389074400000 545.96 537.92 544.32 540.04 11328900 536.83
AAPL2014-01-06 AAPL 1388988000000 546.8 533.6 537.45 543.93 14736100 540.69
AAPL2014-01-03 AAPL 1388728800000 553.7 540.43 552.86 540.98 14016700 537.76
AAPL2014-01-02 AAPL 1388642400000 557.03 552.02 555.68 553.13 8381600 549.84
